10 35.432
20 49.44
30 63.036
40 82.4
50 103.824
60 133.076
70 149.968
80 111.24
90 106.296
100 94.76
110 97.232
120 102.588
130 104.236
140 103.824
150 100.528
160 109.18
170 98.468
180 104.648
190 100.94
200 112.064
210 113.3
220 102.176
230 112.888
240 93.936
250 110.828
260 101.352
270 102.588
280 103.824
290 102.588
300 107.944
310 100.528
320 100.528
330 100.528
340 100.528
350 100.528
360 100.528
370 100.528
380 100.528
390 100.116
400 100.528
410 100.528
420 100.528
430 100.528
440 100.528
450 100.528
460 100.528
470 100.528
480 100.528
490 100.116
500 100.528
